t[s],f(t)
0,1.1102230246252E-16
0.033333333333333,0.0022418838736762
0.066666666666667,0.0086145165416166
0.1,0.0186204236477
0.13333333333333,0.031802699662798
0.16666666666667,0.04774240547366
0.2,0.066056094861254
0.23333333333333,0.086393466092251
0.26666666666667,0.10843513472659
0.3,0.13189052365417
0.33333333333333,0.15649586631156
0.36666666666667,0.1820123189924
0.4,0.20822417814994
0.43333333333333,0.23493719859496
0.46666666666667,0.26197700851439
0.5,0.28918761727341
0.53333333333333,0.31643001201496
0.56666666666667,0.34358083913321
0.6,0.37053116677038
0.63333333333333,0.39718532456791
0.66666666666667,0.4234598169916
0.7,0.44928230664538
0.73333333333333,0.47459066408819
0.76666666666667,0.49933208077221
0.8,0.52346224182751
0.83333333333333,0.54694455552776
0.86666666666667,0.56974943638151
0.9,0.59185363890593
0.93333333333333,0.613239639251
0.96666666666667,0.63389506195386
1,0.65381214921412
1.0333333333333,0.67298727018999
1.0666666666667,0.69142046792398
1.1,0.70911504161269
1.1333333333333,0.72607716204011
1.1666666666667,0.74231551809548
1.2,0.75784099239685
1.2333333333333,0.77266636413792
1.2666666666667,0.78680603737058
1.3,0.80027579302649
1.3333333333333,0.81309256306974
1.3666666666667,0.82527422525809
1.4,0.8368394170727
1.4333333333333,0.84780736745558
1.4666666666667,0.85819774507067
1.5,0.86803052187738
1.5333333333333,0.87732585087608
1.5666666666667,0.88610395695219
1.6,0.89438503981001
1.6333333333333,0.90218918804888
1.6666666666667,0.90953630349305
1.7,0.91644603494249
1.7333333333333,0.92293772056515
1.7666666666667,0.92903033820169
1.8,0.93474246290201
1.8333333333333,0.94009223105815
1.8666666666667,0.9450973105416
1.9,0.94977487629396
1.9333333333333,0.95414159085821
1.9666666666667,0.958213589375
2,0.96200646860211
2.0333333333333,0.96553527954838
2.0666666666667,0.96881452334352
2.1,0.97185814999429
2.1333333333333,0.97467955970442
2.1666666666667,0.97729160646112
2.2,0.97970660361487
2.2333333333333,0.98193633120129
2.2666666666667,0.98399204477507
2.3,0.98588448554517
2.3333333333333,0.98762389161895
2.3666666666667,0.98922001017963
2.4,0.99068211043768
2.4333333333333,0.9920189972111
2.4666666666667,0.99323902500344
2.5,0.99435011246121
2.5333333333333,0.99535975710393
2.5666666666667,0.9962750502311
2.6,0.99710269192049
2.6333333333333,0.99784900604142
2.6666666666667,0.99851995521538
2.7,0.99912115566412
2.7333333333333,0.99965789189288
2.7666666666667,1.0001351311628
2.8,1.0005575377131
2.8333333333333,1.0009294866986
2.8666666666667,1.0012550778137
2.9,1.0015381485795
2.9333333333333,1.0017822872722
2.9666666666667,1.0019908454785
3,1.0021669502638
3.0333333333333,1.0023135159446
3.0666666666667,1.0024332554585
3.1,1.002528691326
3.1333333333333,1.0026021662049
3.1666666666667,1.0026558530343
3.2,1.0026917647729
3.2333333333333,1.0027117637329
3.2666666666667,1.0027175705156
3.3,1.0027107725544
3.3333333333333,1.0026928322719
3.3666666666667,1.0026650948598
3.4,1.0026287956895
3.4333333333333,1.0025850673633
3.4666666666667,1.0025349464162
3.5,1.0024793796779
3.5333333333333,1.0024192303064
3.5666666666667,1.0023552835031
3.6,1.0022882519219
3.6333333333333,1.0022187807814
3.6666666666667,1.0021474526933
3.7,1.0020747922169
3.7333333333333,1.0020012701511
3.7666666666667,1.001927307575
3.8,1.0018532796479
3.8333333333333,1.0017795191789
3.8666666666667,1.0017063199776
3.9,1.0016339399947
3.9333333333333,1.0015626042638
3.9666666666667,1.0014925076533
4,1.001423817438
4.0333333333333,1.0013566757003
4.0666666666667,1.0012912015685
4.1,1.001227493302
4.1333333333333,1.0011656302313
4.1666666666667,1.0011056745606
4.2,1.0010476730407
4.2333333333333,1.0009916585197
4.2666666666667,1.000937651379
4.3,1.0008856608605
4.3333333333333,1.0008356862916
4.3666666666667,1.0007877182155
4.4,1.0007417394308
4.4333333333333,1.0006977259471
4.4666666666667,1.0006556478627
4.5,1.000615470167
4.5333333333333,1.0005771534757
4.5666666666667,1.0005406547005
4.6,1.0005059276599
4.6333333333333,1.0004729236334
4.6666666666667,1.0004415918642
4.7,1.000411880014
4.7333333333333,1.0003837345727
4.7666666666667,1.0003571012263
4.8,1.0003319251878
4.8333333333333,1.0003081514913
4.8666666666667,1.0002857252537
4.9,1.000264591907
4.9333333333333,1.0002446974023
4.9666666666667,1.000225988388
5,1.0002084123653
5.0333333333333,1.0001919178221
5.0666666666667,1.0001764543471
5.1,1.0001619727262
5.1333333333333,1.0001484250233
5.1666666666667,1.000135764645
5.2,1.0001239463932
5.2333333333333,1.0001129265052
5.2666666666667,1.000102662683
5.3,1.0000931141122
5.3333333333333,1.0000842414737
5.3666666666667,1.0000760069456
5.4,1.0000683742001
5.4333333333333,1.0000613083928
5.4666666666667,1.0000547761477
5.5,1.0000487455365
5.5333333333333,1.0000431860549
5.5666666666667,1.0000380685947
5.6,1.000033365413
5.6333333333333,1.0000290500988
5.6666666666667,1.0000250975381
5.7,1.0000214838767
5.7333333333333,1.0000181864817
5.7666666666667,1.0000151839025
5.8,1.0000124558304
5.8333333333333,1.0000099830584
5.8666666666667,1.0000077474402
5.9,1.0000057318493
5.9333333333333,1.0000039201388
5.9666666666667,1.0000022971007
6,1.0000008484259
6.0333333333333,0.99999956066542
6.0666666666667,0.99999842119139
6.1,0.99999741815931
6.1333333333333,0.99999654047114
6.1666666666667,0.99999577773918
6.2,0.99999512025105
6.2333333333333,0.99999455893559
6.2666666666667,0.99999408532988
6.3,0.99999369154728
6.3333333333333,0.99999337024665
6.3666666666667,0.99999311460258
6.4,0.99999291827678
6.4333333333333,0.99999277539059
6.4666666666667,0.99999268049859
6.5,0.99999262856327
6.5333333333333,0.99999261493083
6.5666666666667,0.99999263530804
6.6,0.99999268574008
6.6333333333333,0.99999276258954
6.6666666666667,0.99999286251624
6.7,0.99999298245824
6.7333333333333,0.99999311961356
6.7666666666667,0.99999327142305
6.8,0.99999343555398
6.8333333333333,0.99999360988458
6.8666666666667,0.99999379248941
6.9,0.99999398162546
6.9333333333333,0.99999417571912
6.9666666666667,0.99999437335385
7,0.99999457325851
7.0333333333333,0.99999477429646
7.0666666666667,0.99999497545525
7.1,0.999995175837
7.1333333333333,0.99999537464924
7.1666666666667,0.9999955711965
7.2,0.99999576487228
7.2333333333333,0.99999595515167
7.2666666666667,0.9999961415843
7.3,0.99999632378792
7.3333333333333,0.99999650144231
7.3666666666667,0.99999667428362
7.4,0.99999684209917
7.4333333333333,0.99999700472252
7.4666666666667,0.99999716202898
7.5,0.99999731393139
7.5333333333333,0.99999746037626
7.5666666666667,0.99999760134016
7.6,0.99999773682642
7.6333333333333,0.99999786686206
7.6666666666667,0.99999799149499
7.7,0.99999811079142
7.7333333333333,0.99999822483351
7.7666666666667,0.99999833371714
7.8,0.99999843755
7.8333333333333,0.99999853644973
7.8666666666667,0.99999863054228
7.9,0.99999871996042
7.9333333333333,0.99999880484237
7.9666666666667,0.99999888533058
8,0.99999896157063
8.0333333333333,0.99999903371022
8.0666666666667,0.9999991018983
8.1,0.99999916628423
8.1333333333333,0.99999922701715
8.1666666666667,0.99999928424527
8.2,0.99999933811537
8.2333333333333,0.99999938877233
8.2666666666667,0.99999943635865
8.3,0.99999948101416
8.3333333333333,0.99999952287568
8.3666666666667,0.99999956207673
8.4,0.99999959874739
8.4333333333333,0.99999963301405
8.4666666666667,0.99999966499932
8.5,0.99999969482188
8.5333333333333,0.99999972259646
8.5666666666667,0.99999974843373
8.6,0.99999977244029
8.6333333333333,0.9999997947187
8.6666666666667,0.99999981536743
8.7,0.99999983448095
8.7333333333333,0.99999985214971
8.7666666666667,0.99999986846027
8.8,0.99999988349528
8.8333333333333,0.99999989733362
8.8666666666667,0.99999991005049
8.9,0.99999992171743
8.9333333333333,0.99999993240249
8.9666666666667,0.99999994217031
9,0.99999995108218
9.0333333333333,0.99999995919622
9.0666666666667,0.99999996656745
9.1,0.99999997324787
9.1333333333333,0.99999997928664
9.1666666666667,0.99999998473015
9.2,0.99999998962211
9.2333333333333,0.9999999940037
9.2666666666667,0.99999999791369
9.3,1.0000000013885
9.3333333333333,1.0000000044622
9.3666666666667,1.000000007167
9.4,1.0000000095329
9.4333333333333,1.0000000115881
9.4666666666667,1.0000000133587
9.5,1.0000000148693
9.5333333333333,1.000000016143
9.5666666666667,1.0000000172009
9.6,1.000000018063
9.6333333333333,1.0000000187477
9.6666666666667,1.0000000192722
9.7,1.0000000196523
9.7333333333333,1.0000000199029
9.7666666666667,1.0000000200375
9.8,1.0000000200688
9.8333333333333,1.0000000200083
9.8666666666667,1.0000000198667
9.9,1.0000000196539
9.9333333333333,1.0000000193789
9.9666666666667,1.00000001905